cmd: ./graph_bench --impl=pointer --graph=tests/large.txt --source=0
events: Ir
fl=./csu/../csu/libc-start.c
fn=__libc_start_main@@GLIBC_2.34
128 2
134 3
135 7
138 1
139 2
142 3
143 2
144 11
145 4
242 13
311 3
312 3
337 6
340 2
343 2
350 2
352 2
360 4
fl=./csu/../sysdeps/nptl/libc_start_call_main.h
fn=(below main)
29 9
44 3
46 2
51 2
52 2
55 2
58 6
74 2
fl=./csu/./csu/init-first.c
fn=_init_first
46 6
51 2
55 5
61 1
62 1
63 2
71 2
72 3
fl=./ctype/./ctype/ctype-info.c
fn=__ctype_init
29 1
31 7
33 4
35 4
36 1
fl=./debug/../sysdeps/x86_64/multiarch/ifunc-memmove.h
fn=__memcpy_chk
56 2
57 3
60 3
61 2
74 2
77 2
85 2
93 2
96 5
fn=__memmove_chk
56 2
57 3
60 3
61 2
74 2
77 2
85 2
93 2
96 5
fn=__mempcpy_chk
56 2
57 3
60 3
61 2
74 2
77 2
85 2
93 2
96 5
fl=./debug/../sysdeps/x86_64/multiarch/ifunc-memset.h
fn=__memset_chk
54 5
57 3
58 2
64 2
73 2
75 2
85 2
93 2
96 5
fl=./debug/../sysdeps/x86_64/multiarch/memcpy_chk.c
fn=__memcpy_chk
29 1
fl=./debug/../sysdeps/x86_64/multiarch/memmove_chk.c
fn=__memmove_chk
29 1
fl=./debug/../sysdeps/x86_64/multiarch/mempcpy_chk.c
fn=__mempcpy_chk
29 1
fl=./debug/../sysdeps/x86_64/multiarch/memset_chk.c
fn=__memset_chk
29 1
fl=./debug/./debug/printf_chk.c
fn=__printf_chk
25 34
28 8
32 12
33 8
37 10
fl=./elf/../bits/stdlib-bsearch.h
fn=intel_check_word.constprop.0
27 96
28 48
29 744
31 648
32 348
35 264
37 120
fl=./elf/../elf/dl-tls.c
fn=_dl_add_to_slotinfo
1017 9
1023 1
1026 1
1027 1
1031 3
1065 2
1068 2
1069 3
1072 6
fn=_dl_allocate_tls_init
523 11
524 2
528 2
531 1
534 2
537 3
549 1
554 17
560 5
563 3
564 2
570 3
571 2
573 10
576 2
577 2
580 2
581 4
583 2
584 2
593 1
601 2
603 10
609 1
615 2
618 2
621 9
fn=_dl_allocate_tls_storage
365 1
369 1
370 1
371 2
374 1
380 2
417 7
419 1
430 1
431 1
432 2
440 6
441 1
445 305
464 1
470 7
fn=_dl_assign_tls_modid
125 4
128 2
141 1
181 1
183 1
186 1
187 2
fn=_dl_count_modids
192 1
194 2
195 1
210 2
fn=_dl_determine_tlsoffset
216 9
217 1
218 1
219 1
222 4
225 2
259 1
261 11
263 5
265 3
266 2
268 2
270 5
281 1
286 8
288 2
289 1
294 1
301 1
302 7
304 2
354 1
355 8
fn=_dl_tls_static_surplus_init
83 3
97 8
100 6
101 5
102 3
104 4
107 1
109 1
111 3
112 6
fl=./elf/../include/list.h
fn=__tls_init_tp
43 2
44 2
45 1
47 1
fl=./elf/../include/rtld-malloc.h
fn=__minimal_calloc
56 8
fn=_dl_allocate_tls_storage
44 2
56 1
fn=_dl_check_map_versions
44 9
fn=_dl_find_object_init
56 2
fn=_dl_important_hwcaps
56 4
fn=_dl_init_paths
56 5
fn=_dl_map_object_deps
56 6
fn=_dl_new_object
44 9
56 6
fn=fillin_rpath.isra.0
50 2
51 1
56 2
fn=init_tls
44 2
fl=./elf/../include/scratch_buffer.h
fn=_dl_map_object_deps
77 2
78 1
85 3
131 8
fl=./elf/../misc/sbrk.c
fn=sbrk
37 6
40 1
58 2
62 2
78 5
fl=./elf/../nptl/nptl-stack.h
fn=__libc_early_init
61 8
fl=./elf/../sysdeps/generic/_itoa.h
fn=_dl_check_map_versions
76 6
fl=./elf/../sysdeps/generic/dl-cache.h
fn=_dl_load_cache_lookup
125 1
194 1
195 5
fl=./elf/../sysdeps/generic/dl-call_tls_init_tp.h
fn=init_tls
31 8
33 1
fl=./elf/../sysdeps/generic/dl-debug.h
fn=dl_main
29 4
30 1
fl=./elf/../sysdeps/generic/dl-hash.h
fn=__rtld_malloc_init_real
43 1
44 1
45 19
48 18
62 24
67 1
72 1
fl=./elf/../sysdeps/generic/dl-new-hash.h
fn=_dl_lookup_symbol_x
69 114
70 228
74 874
77 1748
80 811
81 1622
87 51
88 51
89 102
90 51
99 760
101 760
102 1520
104 760
105 760
fl=./elf/../sysdeps/generic/dl-protected.h
fn=do_lookup_x
29 428
fl=./elf/../sysdeps/generic/ldsodefs.h
fn=_dl_relocate_object
79 35
140 351
fn=_dl_start
79 6
fn=do_lookup_x
139 214
140 321
fl=./elf/../sysdeps/nptl/dl-mutex.c
fn=__rtld_mutex_init
30 7
37 1
40 7
44 2
45 9
47 6
51 2
52 7
53 6
fl=./elf/../sysdeps/nptl/dl-tls_init_tp.c
fn=__tls_init_tp
68 5
69 1
72 1
75 4
76 2
77 1
82 2
87 4
90 1
93 3
105 4
121 3
128 2
129 3
fn=__tls_pre_init_tp
53 3
56 10
61 2
62 1
64 1
fn=rtld_mutex_dummy
42 8
44 16
fl=./elf/../sysdeps/nptl/pthread_early_init.h
fn=__libc_early_init
33 6
34 1
38 5
45 2
46 1
48 2
52 5
53 1
54 1
56 1
fl=./elf/../sysdeps/posix/dl-fileid.h
fn=_dl_map_object_from_fd
37 8
40 8
49 12
fl=./elf/../sysdeps/unix/sysv/linux/brk.c
fn=brk
36 1
37 1
38 2
44 1
45 1
fl=./elf/../sysdeps/unix/sysv/linux/brk_call.h
fn=brk
24 2
fl=./elf/../sysdeps/unix/sysv/linux/dl-osinfo.h
fn=dl_main
39 2
52 1
fl=./elf/../sysdeps/unix/sysv/linux/dl-parse_auxv.h
fn=_dl_sysdep_parse_arguments
32 2
33 1
34 1
41 93
42 44
43 44
45 1
46 2
47 2
48 2
49 1
51 2
52 2
53 2
54 2
56 2
fl=./elf/../sysdeps/unix/sysv/linux/dl-sysdep.c
fn=_dl_sysdep_parse_arguments
78 7
79 2
80 2
81 3
82 39
83 81
86 2
90 56
93 5
94 2
95 3
96 6
fn=_dl_sysdep_start
102 6
103 1
106 2
110 2
113 1
115 2
122 3
123 2
125 5
137 3
140 5
143 4
fn=_dl_sysdep_start_cleanup
147 1
148 1
fl=./elf/../sysdeps/unix/sysv/linux/dl-vdso-setup.h
fn=dl_main
30 1
33 1
36 1
39 1
45 1
fl=./elf/../sysdeps/unix/sysv/linux/dl-vdso.h
fn=dl_main
40 2
41 5
55 2
fl=./elf/../sysdeps/unix/sysv/linux/rseq-internal.h
fn=__tls_init_tp
32 3
34 7
37 2
40 1
fl=./elf/../sysdeps/unix/sysv/linux/x86/dl-hwcap2.h
fn=update_active.constprop.0
25 2
fl=./elf/../sysdeps/unix/sysv/linux/x86/dl-minsigstacksize.h
fn=get_common_indices.constprop.0
24 2
27 2
28 2
65 3
72 1
74 1
fl=./elf/../sysdeps/x86/cpu-features.c
fn=get_common_indices.constprop.0
398 3
402 4
405 5
409 1
410 4
411 4
412 4
413 3
414 2
421 2
423 9
428 8
435 2
436 7
442 2
457 3
fn=init_cpu_features.constprop.0
376 3
377 2
378 6
383 2
384 6
389 2
390 7
682 8
685 1
686 1
687 1
690 1
699 3
702 6
703 1
706 2
708 6
713 1
715 3
717 9
721 7
774 3
781 2
799 1
832 2
866 4
869 2
870 1
878 2
885 2
887 2
891 2
897 2
899 1
1001 3
1002 2
1005 2
1006 2
1012 1
1013 1
1014 1
1015 2
1019 4
1022 4
1028 3
1041 2
1042 4
1081 1
1082 2
1086 3
1103 2
1104 2
1106 3
1107 2
1109 3
1110 2
1113 2
1127 4
1129 4
1135 4
1142 8
fn=update_active.constprop.0
72 8
76 1
84 3
85 3
86 1
94 4
95 1
103 4
104 1
109 4
112 4
113 1
116 5
117 2
121 5
122 3
123 3
124 2
128 5
129 5
130 3
132 2
133 4
147 2
151 7
152 4
154 3
158 4
161 1
164 2
166 2
170 1
171 1
178 4
180 5
186 4
188 5
190 4
195 5
244 3
245 3
261 4
277 2
281 2
282 1
285 4
289 2
293 3
294 2
296 1
297 1
300 2
302 1
305 2
356 5
360 3
369 1
370 8
fl=./elf/../sysdeps/x86/dl-cacheinfo.h
fn=get_common_cache_info.constprop.0
571 11
586 1
587 1
588 2
589 1
590 2
596 3
598 7
601 2
613 1
618 3
622 2
627 5
630 24
637 8
640 26
645 2
649 3
650 2
654 2
658 3
661 4
662 1
667 4
673 4
681 6
683 2
685 4
687 12
689 1
690 1
691 9
693 4
696 7
701 1
703 4
704 3
705 1
708 2
711 2
718 1
720 4
721 1
726 2
731 2
732 1
733 2
734 1
759 3
770 5
771 5
775 2
782 1
783 2
784 1
785 7
fn=handle_intel.constprop.0
250 108
255 24
261 12
262 12
267 48
271 24
276 24
279 60
281 24
284 60
286 24
305 96
fn=init_cpu_features.constprop.0
792 1
793 1
795 1
809 2
811 3
812 3
813 3
814 2
817 3
819 3
820 2
822 3
824 3
825 1
827 3
829 3
830 2
832 3
834 3
836 3
838 5
894 2
895 2
896 2
897 2
898 2
899 2
900 1
901 1
902 1
903 1
904 1
905 1
907 1
910 3
924 3
925 7
930 2
931 6
932 2
939 3
959 6
968 2
969 2
974 12
987 5
995 7
997 2
1000 5
1002 2
1005 5
1006 5
1010 6
1011 3
1017 7
1020 11
1021 10
1022 13
1025 10
1027 10
1040 4
1042 2
1043 2
1044 1
1045 1
1046 1
1047 1
fn=intel_check_word.constprop.0
110 648
113 324
119 216
123 48
125 12
129 120
131 144
133 60
135 120
143 120
152 12
155 138
158 99
162 58
164 189
167 120
168 72
169 60
170 48
172 11
174 22
176 12
177 16
178 12
179 20
180 14
181 12
183 8
184 12
187 21
190 2
194 192
202 168
216 48
246 144
fl=./elf/../sysdeps/x86/dl-get-cpu-features.c
fn=__x86_cpu_features
39 3
71 3
fn=_dl_x86_init_cpu_features
37 1
39 3
41 1
fl=./elf/../sysdeps/x86/dl-isa-level.h
fn=_dl_load_cache_lookup
28 6
fl=./elf/../sysdeps/x86/dl-procinfo.h
fn=_dl_load_cache_lookup
39 2
42 7
fl=./elf/../sysdeps/x86/dl-prop.h
fn=_dl_map_object_from_fd
149 8
fn=_dl_process_pt_gnu_property
95 20
102 10
115 10
118 5
252 4
253 2
254 6
255 3
257 20
258 1
260 5
fn=dl_main
36 2
37 15
40 7
49 22
53 18
71 2
149 4
235 4
236 2
fl=./elf/../sysdeps/x86/get-isa-level.h
fn=_dl_hwcaps_subdirs_active
30 4
31 1
32 3
36 3
39 4
40 4
45 4
48 2
51 5
53 4
54 2
55 2
58 4
fn=update_active.constprop.0
28 1
30 4
31 1
32 3
36 3
38 1
39 2
40 4
45 4
47 1
48 2
51 5
53 4
54 2
55 2
57 1
58 4
fl=./elf/../sysdeps/x86_64/dl-cet.c
fn=_dl_cet_check
145 2
157 2
173 1
179 1
275 2
276 1
277 2
282 4
283 3
285 2
293 5
296 1
300 2
301 1
302 2
303 2
304 2
305 2
308 1
310 1
313 2
361 8
363 6
fn=_dl_cet_setup_features
331 1
334 2
350 1
fl=./elf/../sysdeps/x86_64/dl-hwcaps-subdirs.c
fn=_dl_hwcaps_subdirs_active
29 1
38 3
43 1
48 1
52 1
fl=./elf/../sysdeps/x86_64/dl-machine.h
fn=_dl_relocate_object
81 16
267 264
274 264
278 264
287 1335
290 282
291 94
292 500
295 8
296 12
307 8
314 20
317 792
320 33
323 33
393 20
400 48
402 64
406 48
415 32
423 232
436 7
460 3
464 4
465 4
466 5
467 2
476 94
478 47
479 47
498 18
499 6
503 12
504 12
730 8
734 6
fn=_dl_start
55 1
278 9
287 27
290 6
291 12
317 8
323 2
fn=_dl_sysdep_start
220 1
fl=./elf/./dl-find_object.h
fn=_dl_find_object_from_map
95 8
96 8
97 4
103 20
104 119
105 82
107 12
112 4
fl=./elf/./dl-hwcaps.h
fn=_dl_important_hwcaps
43 9
45 7
46 1
77 8
78 8
79 7
fl=./elf/./dl-load.h
fn=_dl_map_object_from_fd
91 16
92 4
93 5
94 4
96 4
fl=./elf/./dl-main.h
fn=dl_main
109 5
fl=./elf/./dl-map-segments.h
fn=_dl_map_object_from_fd
28 6
29 18
81 2
101 2
102 6
105 6
106 4
108 4
125 2
135 48
137 24
139 60
149 32
155 4
156 2
157 6
158 4
160 4
165 4
168 6
176 14
182 4
186 8
189 2
194 8
fl=./elf/./dl-sym-post.h
fn=lookup_malloc_symbol
41 8
53 12
fl=./elf/./dl-tunable-types.h
fn=__GI___tunable_set_val
84 5
fl=./elf/./elf/dl-audit.c
fn=_dl_audit_activity_map
29 7
30 1
31 3
37 6
fn=_dl_audit_activity_nsid
41 3
45 12
46 3
47 15
fn=_dl_audit_objclose
97 4
98 16
fn=_dl_audit_objopen
77 2
78 8
fn=_dl_audit_preinit
118 1
119 4
fl=./elf/./elf/dl-cache.c
fn=_dl_cache_libcmp
357 18
358 99
360 132
362 46
368 4
369 3
370 39
372 39
374 2
380 86
382 86
383 24
386 35
387 35
390 12
fn=_dl_load_cache_lookup
191 16
205 1
208 8
210 10
211 2
213 5
220 19
222 50
223 16
227 24
231 24
232 16
240 4
242 2
245 2
247 6
249 1
259 2
269 3
270 4
286 7
295 2
298 2
301 1
302 3
330 2
346 7
347 3
349 4
403 10
405 2
408 3
411 5
419 5
420 8
423 6
424 1
431 1
432 2
482 3
485 3
500 2
512 3
513 15
514 4
515 1
516 8
fn=_dl_unload_cache
525 3
526 4
528 2
529 1
533 1
535 2
fl=./elf/./elf/dl-call-libc-early-init.c
fn=_dl_call_libc_early_init
27 7
29 2
33 5
37 2
39 4
40 2
41 3
fl=./elf/./elf/dl-call_fini.c
fn=_dl_call_fini
24 32
28 8
32 4
34 4
35 8
38 4
39 6
42 16
43 2
47 4
48 8
49 6
50 22
fl=./elf/./elf/dl-catch.c
fn=_dl_catch_error
254 12
256 2
257 2
258 2
259 2
261 6
fn=_dl_catch_exception
58 9
59 6
69 6
70 15
204 24
207 6
214 3
228 3
229 6
235 18
237 9
239 12
248 9
fn=_dl_receive_error
58 2
59 1
69 2
70 2
186 7
188 1
192 1
194 1
197 1
198 4
fl=./elf/./elf/dl-debug.c
fn=_dl_debug_initialize
56 3
57 1
59 2
61 2
63 3
64 1
85 3
90 3
91 2
92 1
95 3
96 6
99 2
107 2
fn=_dl_debug_state
116 2
117 2
fn=_dl_debug_update
38 3
40 6
41 3
44 6
48 3
fl=./elf/./elf/dl-deps.c
fn=_dl_map_object_deps
128 3
129 5
130 6
132 3
136 8
143 13
144 20
160 9
161 1
164 1
182 1
183 6
184 1
188 9
190 12
193 4
197 12
198 25
201 8
205 4
208 16
210 8
215 2
216 2
217 4
218 4
219 2
221 238
222 112
228 23
230 2
232 8
233 4
242 2
244 4
249 14
252 2
253 2
254 2
255 4
256 2
257 2
259 8
263 6
264 3
266 162
417 8
419 10
422 4
423 8
429 2
430 10
431 10
434 2
435 4
439 12
441 4
442 17
448 5
449 1
452 4
463 5
465 4
470 5
471 1
472 2
474 16
478 4
483 8
485 12
490 4
494 2
495 3
532 2
533 2
547 9
552 9
553 5
557 1
559 2
560 1
561 3
568 3
571 2
574 8
fn=openaux
61 12
64 22
65 2
68 2
69 6
fl=./elf/./elf/dl-environ.c
fn=_dl_next_ld_env_entry
28 3
29 3
32 121
34 78
35 12
37 2
40 4
42 2
45 37
fl=./elf/./elf/dl-find_object.c
fn=_dl_find_object_init
561 5
564 1
566 2
567 3
579 2
580 3
582 2
585 2
590 1
591 1
594 3
596 2
599 6
601 1
604 4
fn=_dlfo_process_initial
474 8
475 2
477 2
478 4
504 24
505 22
506 8
508 28
511 24
513 18
515 6
516 6
517 12
529 2
531 8
fn=_dlfo_sort_mappings
536 1
537 2
540 12
544 4
545 19
546 15
548 2
549 2
553 8
554 10
555 4
557 1
fl=./elf/./elf/dl-fini.c
fn=_dl_fini
26 11
43 1
46 13
49 2
51 1
54 2
56 5
61 1
63 4
68 18
73 16
75 8
77 8
79 8
80 4
81 4
85 4
87 6
88 6
94 6
103 2
108 26
110 4
112 8
114 16
117 8
122 4
126 5
132 6
134 1
138 2
145 8
fl=./elf/./elf/dl-hwcaps.c
fn=_dl_important_hwcaps
52 16
54 2
55 4
56 2
57 2
77 16
80 16
84 2
86 6
87 2
88 2
100 5
102 3
105 1
108 1
112 5
125 12
127 10
128 4
129 4
130 2
133 3
142 13
143 11
145 8
151 5
155 4
156 3
157 3
161 1
162 2
163 2
172 14
174 2
175 3
185 2
186 3
189 3
193 2
194 2
201 1
202 5
208 2
209 1
213 3
216 9
fl=./elf/./elf/dl-hwcaps_split.c
fn=_dl_hwcaps_split
25 5
26 3
27 1
47 4
fn=_dl_hwcaps_split_masked
26 44
30 24
34 78
35 12
36 24
41 36
42 18
43 12
45 6
51 110
55 5
56 18
57 27
58 24
60 6
62 88
67 12
fl=./elf/./elf/dl-init.c
fn=_dl_init
29 10
35 25
37 26
81 13
82 1
83 1
86 3
89 2
94 4
119 1
120 20
121 8
127 8
fn=call_init.part.0
26 48
43 12
46 12
47 2
51 6
59 9
60 6
63 3
64 6
70 6
72 4
73 22
74 12
76 32
fl=./elf/./elf/dl-load.c
fn=_dl_dst_count
238 18
241 4
244 4
245 2
264 18
fn=_dl_init_paths
706 13
720 4
725 1
727 3
734 3
735 2
739 4
741 4
747 1
748 1
756 8
758 8
759 4
761 5
762 7
763 4
766 13
767 10
768 18
770 32
776 1
777 1
782 1
785 3
787 4
789 3
806 1
808 3
822 2
825 5
827 23
831 2
832 60
833 14
834 28
836 1
837 1
838 2
844 6
847 3
853 1
857 8
fn=_dl_map_object
682 10
696 5
1967 36
1969 2
1975 6
1976 12
1979 51
1984 49
1986 35
1990 12
1991 18
1994 10
1995 6
1996 10
2010 8
2011 6
2019 6
2034 2
2036 10
2040 4
2042 2
2049 4
2053 1
2054 1
2058 3
2059 1
2073 5
2074 7
2075 1
2084 2
2099 2
2100 16
2106 3
2107 1
2115 1
2129 2
2131 3
2135 3
2137 2
2141 2
2149 2
2172 9
2176 3
2177 1
2194 2
2200 1
2201 4
2202 2
2203 2
2207 9
2210 3
2222 8
2267 4
2268 34
2270 29
fn=_dl_map_object_from_fd
944 28
959 8
989 29
990 10
1008 4
1036 8
1046 4
1053 16
1054 4
1065 4
1066 6
1067 4
1069 6
1070 8
1071 2
1074 17
1075 6
1086 2
1088 2
1090 44
1091 2
1092 2
1093 2
1094 2
1100 87
1101 213
1107 4
1114 5
1115 6
1116 20
1121 2
1122 1
1127 62
1135 40
1136 52
1137 40
1138 8
1139 16
1141 56
1143 16
1156 16
1157 30
1162 8
1163 82
1176 3
1180 4
1181 1
1185 5
1186 2
1189 1
1194 4
1209 4
1210 2
1213 6
1218 14
1228 38
1229 16
1235 4
1245 8
1252 14
1264 2
1268 8
1269 6
1275 4
1276 4
1278 4
1288 6
1307 6
1309 12
1361 6
1362 2
1368 70
1369 117
1375 33
1380 8
1393 4
1395 8
1397 4
1413 4
1417 4
1418 4
1435 4
1436 1
1439 4
1444 4
1449 4
1461 16
1462 6
1463 9
1464 3
1465 5
1471 4
1472 4
1477 2
1484 6
1487 4
1491 6
1492 6
1510 4
1514 14
1515 8
1519 18
fn=_dl_process_pt_gnu_property
868 9
869 6
870 3
876 6
882 15
885 9
886 6
887 6
890 9
891 9
895 3
896 6
900 10
901 5
904 10
907 5
908 20
918 9
920 12
fn=expand_dynamic_string_token
241 6
244 4
385 20
399 4
410 14
fn=fillin_rpath.isra.0
468 17
472 1
474 12
481 2
483 6
487 2
492 3
493 2
500 5
505 2
509 15
510 8
528 4
532 4
534 2
538 1
539 2
540 4
541 1
543 2
549 4
550 14
551 4
553 2
554 3
555 1
561 2
562 1
565 3
571 1
574 8
fn=open_path
1812 11
1813 2
1816 1
1817 1
1819 2
1822 2
1824 22
1827 2
1831 1
1835 6
1842 6
1843 22
1846 6
1851 33
1854 6
1860 9
1863 24
1865 9
1867 6
1872 6
1873 21
1879 9
1881 20
1882 2
1884 3
1891 14
1893 4
1937 8
1941 1
1943 4
1946 3
1960 9
fn=open_verify.constprop.0
1572 60
1604 15
1609 6
1623 25
1625 10
1633 2
1634 6
1639 12
1641 4
1643 4
1645 4
1651 4
1668 29
1749 4
1754 4
1760 8
1766 4
1772 8
1773 8
1777 16
1778 5
1799 45
fl=./elf/./elf/dl-lookup-direct.c
fn=_dl_lookup_direct
32 15
33 9
35 6
36 6
48 9
51 6
53 21
57 9
58 21
59 15
74 39
76 6
78 21
79 6
81 12
84 25
86 12
93 6
115 3
116 27
fl=./elf/./elf/dl-lookup.c
fn=_dl_lookup_symbol_x
772 1482
774 228
775 456
778 114
782 438
785 228
787 228
791 1631
792 1938
797 570
799 42
816 114
817 21
820 228
821 733
828 135
856 428
870 321
871 2
873 214
890 428
892 1026
fn=check_match
70 1635
73 872
78 4
86 535
89 490
93 107
94 214
96 210
115 210
116 840
117 525
144 4
146 12
147 8
161 107
162 872
fn=do_lookup_x
347 1596
348 114
353 114
354 114
358 736
361 736
365 970
386 734
390 734
396 1101
400 367
401 367
404 1835
405 1101
408 367
409 734
411 367
412 342
413 734
415 798
416 1468
419 2569
422 218
423 327
424 218
426 218
429 1210
431 327
432 2725
433 218
436 327
439 409
461 856
470 16
476 214
483 824
487 24
499 214
500 107
501 107
518 783
521 7
522 912
fl=./elf/./elf/dl-minimal-malloc.c
fn=__minimal_calloc
80 40
84 8
87 8
88 24
fn=__minimal_free
97 1
99 4
fn=__minimal_malloc
36 192
37 72
42 3
43 2
44 2
48 95
51 160
56 8
57 8
59 2
60 16
62 4
64 8
65 6
67 6
70 24
71 26
73 144
fl=./elf/./elf/dl-minimal.c
fn=__rtld_malloc_init_real
76 10
86 2
87 1
89 1
91 6
92 5
93 5
94 4
99 1
100 1
101 1
102 1
103 8
fn=__rtld_malloc_init_stubs
42 1
43 2
44 2
45 2
46 2
47 1
fn=lookup_malloc_symbol
61 36
63 4
64 28
68 28
69 28
71 4
72 24
fn=strsep
239 2
242 4
244 2
245 4
247 2
249 47
251 28
254 56
256 84
264 14
267 1
271 4
fl=./elf/./elf/dl-misc.c
fn=_dl_name_match_p
68 98
69 56
70 3
72 14
74 58
75 90
80 15
82 11
83 56
fn=_dl_sysdep_read_whole_file
36 11
39 3
40 2
42 6
44 2
47 2
49 8
60 3
63 8
fl=./elf/./elf/dl-object.c
fn=_dl_add_to_namespace_list
31 27
33 9
35 26
38 20
40 2
42 2
45 2
46 9
47 6
48 6
50 6
51 15
fn=_dl_new_object
59 45
62 6
64 2
66 3
67 2
71 6
77 2
80 4
83 11
87 4
92 2
95 6
98 3
99 3
100 6
103 6
104 21
106 3
119 13
123 2
125 1
127 21
130 6
131 6
132 3
136 3
139 34
141 20
149 6
150 3
153 1
155 18
157 8
160 8
164 8
168 14
176 1
179 6
189 12
191 8
195 6
199 4
200 4
208 2
212 2
245 8
250 84
251 84
255 4
256 2
259 2
263 27
fl=./elf/./elf/dl-reloc.c
fn=_dl_relocate_object
170 716
171 234
174 1218
175 84
177 7
178 28
182 220
183 110
184 110
186 886
187 520
188 208
190 825
193 110
194 770
196 7
207 55
208 10
220 8
221 12
224 16
226 12
228 4
229 12
251 20
252 8
253 2
255 8
262 12
301 10034
304 20
328 4
331 8
348 12
350 40
356 24
359 8
363 8
364 24
fl=./elf/./elf/dl-setup_hash.c
fn=_dl_setup_hash
25 8
28 12
31 12
32 8
33 4
34 4
36 12
37 4
38 12
40 4
41 8
43 4
45 12
50 4
fl=./elf/./elf/dl-sort-maps.c
fn=_dl_sort_maps
140 40
181 2
182 4
183 34
184 16
211 34
216 4
218 2
219 10
221 26
223 8
226 24
244 8
263 8
276 8
283 2
298 26
306 6
310 18
fn=_dl_sort_maps_init
289 4
290 4
291 1
292 3
293 2
fn=dfs_traversal.part.0
135 72
140 20
143 8
145 24
147 60
156 28
171 24
172 8
173 48
fl=./elf/./elf/dl-tunables.c
fn=__GI___tunable_set_val
72 50
82 5
93 40
94 25
97 10
100 35
104 10
111 10
112 10
115 25
116 5
117 5
118 5
153 30
157 15
fn=__GI___tunables_init
42 200
45 39
48 3647
52 78
56 156
128 1
261 10
267 4
281 6396
283 2
287 11583
304 8
fn=__tunable_get_val
387 72
390 426
399 47
400 14
409 28
416 216
418 36
fl=./elf/./elf/dl-tunables.h
fn=__GI___tunable_set_val
141 10
142 10
151 5
fn=__GI___tunables_init
160 726
161 1803
fl=./elf/./elf/dl-version.c
fn=_dl_check_all_versions
392 7
394 1
396 17
397 4
398 36
401 7
fn=_dl_check_map_versions
36 26
37 5
38 37
56 36
64 27
70 27
86 9
87 18
89 9
94 237
108 192
110 9
113 72
120 261
124 87
155 40
156 4
164 6
170 12
172 20
174 4
175 4
177 8
180 6
184 16
200 6
208 6
213 6
215 7
217 36
218 84
221 18
224 27
228 4
231 36
234 27
239 7
243 6
257 15
260 4
263 198
266 148
270 46
274 9
279 3
280 12
281 9
291 3
294 17
296 6
299 8
303 6
306 27
308 36
310 45
311 18
312 27
313 27
316 27
321 7
324 6
334 6
337 4
341 46
343 96
347 46
348 230
349 138
350 46
353 144
357 46
365 4
366 4
367 4
368 2
370 4
372 124
373 60
375 2
376 7
387 36
fl=./elf/./elf/do-rel.h
fn=_dl_relocate_object
49 24
50 24
51 4
53 40
72 3
73 4
80 24
114 24
123 36
124 12
126 24
129 24
131 722
133 865
134 692
135 519
136 692
138 519
141 188
142 47
143 47
147 126
150 394
151 99
164 12
165 211
166 189
169 141
171 188
172 47
173 94
180 31
182 42
183 12
185 18
193 6
196 18
211 7
fn=_dl_start
49 6
50 4
51 1
53 10
56 4
61 13
63 9
64 6
65 3
fl=./elf/./elf/get-dynamic-info.h
fn=_dl_map_object_from_fd
39 4
43 2
45 194
49 94
51 26
52 13
53 3
54 42
55 34
56 10
59 8
62 8
64 8
68 47
72 8
84 7
85 8
86 8
87 8
88 7
89 7
90 7
91 8
103 16
110 7
115 2
122 2
123 6
129 6
130 3
147 6
152 2
154 2
156 2
158 2
159 2
162 6
164 6
165 4
174 4
175 6
180 4
181 3
184 4
fl=./elf/./elf/libc_early_init.c
fn=__libc_early_init
33 9
35 1
38 2
41 2
47 4
49 2
fl=./elf/./elf/rtld.c
fn=_dl_start
85 8
458 2
476 3
477 1
478 2
488 1
494 4
496 2
517 16
543 1
546 2
547 4
563 190
565 1
578 1
585 9
fn=dl_main
85 17
92 12
93 2
101 9
197 2
199 1
224 3
225 5
226 4
296 3
302 1
303 1
837 1
839 1
848 1
850 1
855 1
1115 1
1116 1
1118 1
1122 3
1124 1
1125 1
1140 1
1143 46
1144 117
1148 3
1153 3
1154 9
1163 2
1164 2
1166 1
1173 3
1191 2
1199 8
1200 17
1201 8
1202 1
1204 12
1205 14
1209 8
1210 8
1211 4
1215 12
1243 2
1247 3
1253 28
1254 61
1260 17
1266 4
1269 3
1271 3
1346 13
1351 1
1352 1
1357 1
1373 3
1374 4
1637 10
1639 2
1640 3
1641 2
1642 3
1646 2
1647 2
1672 3
1673 5
1674 3
1675 3
1678 1
1680 1
1681 1
1683 2
1684 2
1688 2
1690 2
1698 4
1705 2
1708 2
1733 4
1735 1
1740 2
1743 4
1744 4
1745 3
1746 1
1747 1
1748 1
1759 2
1760 2
1762 2
1764 1
1765 3
1770 5
1771 5
1773 3
1779 2
1788 2
1792 1
1793 2
1817 2
1823 1
1824 1
1825 1
1829 3
1834 3
1836 1
1838 2
1842 5
1847 2
1863 6
1939 4
1943 19
1944 1
1947 3
1948 1
1949 2
1950 2
1955 3
1965 9
1971 19
1972 12
1975 3
1976 2
1977 1
1979 14
1980 6
1984 2
1990 1
1992 3
1993 2
1995 2
1997 3
1999 3
2000 1
2001 2
2013 2
2014 2
2015 3
2026 5
2027 4
2028 5
2038 2
2039 2
2040 4
2042 2
2047 3
2246 3
2250 3
2256 2
2259 2
2267 2
2279 3
2282 3
2284 3
2285 6
2292 2
2293 21
2295 8
2300 8
2302 10
2304 1
2305 1
2308 4
2310 8
2311 24
2315 10
2316 3
2325 2
2329 4
2331 1
2338 4
2341 2
2345 3
2347 2
2357 1
2362 3
2365 1
2371 1
2372 5
2380 3
2387 1
2390 3
2394 3
2395 1
2396 1
2397 1
2401 1
2406 8
2538 1
2598 1
2600 2
2602 15
2604 2
2606 107
2607 19
2615 13
2640 2
2650 4
2652 2
2653 1
2687 5
2689 2
2690 2
2691 1
2727 5
2749 3
fn=handle_preload_list
183 3
806 1
810 2
811 2
812 1
814 1
816 6
817 3
825 3
869 13
870 3
874 5
877 4
878 3
880 4
881 2
887 1
889 2
891 2
892 1
895 9
fn=init_tls
734 4
736 2
740 3
746 2
749 1
750 1
751 1
755 1
757 1
761 2
762 2
763 12
764 4
765 8
769 3
771 1
773 3
776 2
779 1
786 2
787 2
793 2
797 1
800 5
fn=map_doit
641 6
643 4
644 6
646 3
fn=version_check_doit
674 6
676 6
680 3
fl=./elf/./get-dynamic-info.h
fn=_dl_start
45 75
49 36
51 10
52 5
54 20
55 16
56 5
59 4
62 4
64 4
68 18
72 3
84 4
85 3
86 4
87 4
88 5
89 3
90 4
91 4
103 10
110 3
123 3
129 3
130 3
133 2
134 3
139 5
142 5
fn=dl_main
39 4
43 1
45 107
49 52
51 12
52 6
54 25
55 21
56 5
59 4
62 4
64 4
68 26
72 7
84 3
85 5
86 5
87 5
88 4
89 5
90 5
91 5
103 9
110 3
115 2
122 3
123 4
129 3
147 4
152 2
154 2
156 2
158 2
159 2
162 4
164 3
165 2
174 2
175 3
180 2
181 3
184 3
fl=./elf/./setup-vdso.h
fn=dl_main
24 2
fl=./io/../sysdeps/unix/sysv/linux/access.c
fn=access
25 1
27 7
31 1
fl=./io/../sysdeps/unix/sysv/linux/close_nocancel.c
fn=__GI___close_nocancel
25 3
26 12
27 3
fn=__close_nocancel
25 1
26 4
27 1
fl=./io/../sysdeps/unix/sysv/linux/fstat64.c
fn=fstat
30 5
39 20
72 5
fl=./io/../sysdeps/unix/sysv/linux/fstatat64.c
fn=fstatat
91 6
146 6
160 4
161 11
162 1
fl=./io/../sysdeps/unix/sysv/linux/open64.c
fn=open
30 12
33 7
41 9
43 8
fl=./io/../sysdeps/unix/sysv/linux/open64_nocancel.c
fn=__open_nocancel
28 24
31 42
39 51
41 12
fl=./io/../sysdeps/unix/sysv/linux/pread64_nocancel.c
fn=__pread64_nocancel
25 4
26 8
27 2
fl=./io/../sysdeps/unix/sysv/linux/read.c
fn=read
25 101
26 606
27 101
fl=./io/../sysdeps/unix/sysv/linux/read_nocancel.c
fn=__read_nocancel
25 2
26 8
27 2
fl=./io/../sysdeps/unix/sysv/linux/stat64.c
fn=stat
28 6
29 12
fl=./io/../sysdeps/unix/sysv/linux/write.c
fn=write
25 2
26 12
27 2
fl=./libio/../include/sys/sysmacros.h
fn=_IO_file_doallocate
47 6
fl=./libio/./libio/filedoalloc.c
fn=_IO_file_doallocate
78 22
84 18
86 8
89 2
91 2
94 2
97 8
101 6
102 4
104 8
105 2
106 18
fl=./libio/./libio/fileops.c
fn=_IO_do_write@@GLIBC_2.2.5
424 25
426 17
427 17
434 4
441 8
444 2
449 10
450 10
452 6
453 4
454 2
455 4
456 8
fn=_IO_file_close
1165 1
1168 2
fn=_IO_file_close_it@@GLIBC_2.2.5
128 7
130 3
133 2
134 3
137 1
139 2
142 7
145 3
153 5
154 4
157 2
158 1
159 1
160 1
162 2
163 7
fn=_IO_file_finish@@GLIBC_2.2.5
168 6
169 2
175 3
176 3
fn=_IO_file_fopen@@GLIBC_2.2.5
213 12
214 1
222 2
224 6
227 1
228 2
247 12
281 5
284 2
287 4
288 2
357 12
fn=_IO_file_open
182 12
184 2
185 1
188 2
189 2
191 1
192 6
195 3
205 2
206 1
207 6
fn=_IO_file_overflow@@GLIBC_2.2.5
732 120
733 60
740 73
743 2
745 2
746 6
755 3
764 3
765 1
766 1
767 1
768 1
769 3
771 3
772 5
773 2
775 30
776 4
777 16
778 26
781 39
782 39
783 52
784 4
785 3
787 13
788 88
fn=_IO_file_read
1131 101
1133 101
1134 303
fn=_IO_file_setbuf@@GLIBC_2.2.5
382 6
383 3
386 1
388 3
390 2
391 3
fn=_IO_file_stat
1147 2
1148 4
fn=_IO_file_sync@@GLIBC_2.2.5
793 7
798 4
800 1
801 2
812 2
816 5
fn=_IO_file_underflow@@GLIBC_2.2.5
462 1010
466 303
469 202
475 303
478 202
481 3
486 2
490 204
506 202
512 606
517 505
519 202
526 101
535 303
537 202
538 808
fn=_IO_file_write@@GLIBC_2.2.5
1174 16
1175 4
1176 12
1180 6
1181 6
1182 4
1187 2
1188 2
1190 6
1191 6
1194 12
fn=_IO_file_xsputn@@GLIBC_2.2.5
444 2
446 2
1198 18
1200 1
1204 8
1205 2
1211 8
1213 6
1214 2
1217 3
1219 3
1221 1
1228 3
1232 3
1234 2
1236 5
1237 1
1238 3
1240 2
1244 12
1250 4
1251 10
1253 6
1264 4
1265 4
1267 3
1268 18
fn=_IO_new_file_init_internal
106 6
110 1
111 1
113 1
114 1
115 3
fl=./libio/./libio/genops.c
fn=_IO_cleanup
776 6
777 10
780 13
784 3
785 36
792 7
794 6
796 4
798 2
800 3
801 1
805 5
807 3
814 3
816 30
817 3
821 7
822 2
842 12
843 2
855 12
fn=_IO_default_finish
54 2
601 6
603 3
609 3
612 3
624 3
fn=_IO_default_setbuf
330 5
332 1
333 1
337 2
452 10
453 5
455 4
457 3
458 2
462 1
466 4
467 1
468 6
fn=_IO_default_uflow
361 606
362 303
363 202
365 404
366 404
fn=_IO_default_xsputn
371 11
373 2
374 4
375 1
379 56
399 132
401 13
404 8
fn=_IO_doallocbuf
343 16
344 4
346 6
347 10
350 12
fn=_IO_flush_all
686 12
687 3
691 6
692 9
695 12
697 3
698 36
700 21
708 33
709 3
713 7
714 2
718 12
fn=_IO_link_in
87 14
88 10
90 2
92 7
93 9
94 1
95 9
97 2
98 1
100 5
101 1
102 6
103 2
106 19
fn=_IO_no_init
563 11
564 1
565 1
566 2
568 1
572 6
579 1
581 1
587 1
588 6
fn=_IO_old_init
531 1
532 2
534 6
539 7
544 1
550 2
555 3
556 2
558 1
fn=_IO_setb
329 33
330 14
331 1
332 3
333 3
335 20
338 18
fn=_IO_sputbackc
635 1260014
638 540006
639 360004
641 360004
642 180002
647 180002
648 180002
651 900010
fn=_IO_switch_to_get_mode
164 606
165 303
168 303
172 202
173 202
176 101
178 202
180 202
181 101
182 404
fn=_IO_un_link
53 2
54 4
82 2
fn=_IO_unsave_markers
937 6
939 2
944 3
946 3
fn=__GI__IO_un_link.part.0
52 10
58 6
59 10
60 1
61 13
63 3
65 2
66 3
74 2
76 10
77 1
78 6
79 2
82 9
fn=__uflow
173 101
299 606
300 505
305 303
308 303
310 202
316 202
321 303
323 404
324 303
fl=./libio/./libio/iofclose.c
fn=fclose@@GLIBC_2.2.5
34 8
48 3
49 1
51 13
52 2
53 3
57 4
58 3
71 2
76 7
fl=./libio/./libio/iofopen.c
fn=fopen@@GLIBC_2.2.5
37 2
65 2
67 3
70 2
72 7
73 2
74 2
75 7
85 9
87 7
fl=./libio/./libio/libioP.h
fn=_IO_cleanup
1025 3
1026 2
fn=_IO_default_setbuf
1025 3
1026 2
fn=_IO_default_uflow
1025 303
1026 202
fn=_IO_default_xsputn
1025 27
1026 26
fn=_IO_do_write@@GLIBC_2.2.5
1025 6
1026 4
fn=_IO_doallocbuf
1025 6
1026 4
fn=_IO_file_close_it@@GLIBC_2.2.5
1025 3
1026 2
fn=_IO_file_doallocate
1025 6
1026 4
fn=_IO_file_underflow@@GLIBC_2.2.5
1025 404
1026 202
fn=_IO_file_xsputn@@GLIBC_2.2.5
1025 6
1026 4
fn=_IO_flush_all
1025 2
fn=__uflow
1025 303
1026 202
fn=fclose@@GLIBC_2.2.5
951 4
952 4
958 2
979 4
980 9
1025 3
1026 2
fl=./libio/./libio/vtables.c
fn=check_stdfiles_vtables
545 1
546 4
547 3
548 3
550 1
fl=./malloc/../string/bits/string_fortified.h
fn=calloc
59 3
fn=tcache_init.part.0
59 88
fl=./malloc/../sysdeps/unix/sysv/linux/not-cancel.h
fn=ptmalloc_init.part.0
97 6
fl=./malloc/./malloc/arena.c
fn=calloc
153 2
fn=free
153 240018
fn=malloc
153 160012
264 1
fn=ptmalloc_init.part.0
262 8
267 1
292 2
296 3
300 4
301 4
302 4
303 4
304 4
305 4
306 4
308 4
309 4
310 4
313 4
314 4
316 2
326 8
fl=./malloc/./malloc/malloc.c
fn=_int_free
1792 79998
1992 239982
3163 16
3165 32
3166 8
3167 16
4495 560042
4499 240018
4505 320024
4506 160012
4510 400030
4517 160012
4518 480036
4521 80002
4527 240006
4547 400010
4550 8
4561 159996
4572 319976
4574 239982
4593 79994
4595 79994
4596 79994
4600 239982
4602 159988
4606 159988
4608 239982
4609 79994
4628 319976
4637 8
4640 8
4643 8
4646 8
4658 480032
fn=_int_free_maybe_consolidate
4770 44
4776 8
4778 12
4779 2
4781 9
4784 15
4785 15
4798 32
fn=_int_free_merge_chunk
1992 12
4665 32
4666 4
4670 24
4673 16
4675 12
4678 12
4681 8
4682 8
4683 8
4689 8
4701 12
4702 28
4714 8
4720 4
4724 2
4732 2
4733 8
4734 4
4736 2
4738 4
4740 6
4743 2
4744 2
4746 6
4747 2
4756 2
4757 6
4758 4
fn=_int_malloc
1326 160016
1345 480048
1794 80008
1985 3
2008 88
2017 2
2552 126
2553 21
2564 42
2589 84
2590 42
2599 244
2605 60
2608 63
2669 63
2677 42
2678 63
2691 63
2693 21
2699 105
2707 42
2709 84
2710 63
2711 21
2712 21
2715 42
2744 143
2745 1
2746 42
2752 168
2753 120
2755 4
2782 2
2783 1
2795 3
2814 2
2817 2
2818 6
2820 1
2821 6
2833 5
2873 1
2875 1
2876 5
2877 1
2888 3
2921 63
2922 21
2926 21
2930 105
2932 21
2933 21
2934 21
2935 147
2936 42
2938 21
3846 880088
3882 1
3887 160016
3914 160016
3916 320004
3919 80001
3921 160002
3930 240003
3977 14
3979 160014
3980 160006
3982 240009
4039 65
4040 15
4058 240022
4059 240024
4060 240024
4069 2
4070 400045
4072 1
4073 2
4074 1
4076 2
4077 3
4079 1
4080 4
4082 4
4084 2
4085 2
4087 2
4098 4
4127 1
4128 1
4132 2
4161 2
4169 13
4170 3
4171 1
4174 2
4218 4
4221 7
4222 1
4223 1
4224 1
4225 1
4230 2
4231 2
4240 4
4246 2
4257 240024
4259 20
4262 15
4263 80008
4330 80008
4331 160016
4332 160016
4333 160016
4334 480048
4339 320032
4343 880047
4346 960036
4348 4
4349 2
4353 8
4355 3
4357 6
4361 1
4364 2
4373 4
4376 2
4378 3
4381 3
4384 4
4394 1
4399 4
4400 2
4403 1
4404 1
4405 1
4408 2
4410 2
4412 2
4415 8
4417 3
4418 1
4421 1
4443 80007
4444 160014
4446 160014
4449 240021
4451 79986
4452 159972
4453 79986
4454 639888
4456 159972
4459 159972
4460 240021
4461 80007
4466 84
4482 21
4487 960096
fn=alloc_perturb
1985 240021
1987 80007
fn=calloc
3699 9
3709 9
3717 2
3720 3
3722 2
3732 1
3733 3
3754 3
3756 10
3759 3
3784 1
3796 3
3799 5
3807 1
3809 2
3811 2
3837 7
fn=free
3359 560042
3363 160012
3371 160012
3373 80006
3375 240018
3392 240018
3398 240018
3401 80006
3402 480036
fn=malloc
1326 160012
1345 400030
3248 4
3294 640048
3301 160012
3311 160012
3313 320024
3316 160012
3317 4
3318 240009
3326 160012
3328 320024
3329 400030
3354 480036
fn=malloc_consolidate
4811 9
4826 1
4828 2
4839 1
4841 20
4842 20
4845 159986
4849 239979
4850 319972
4855 399965
4858 159986
4859 79993
4860 239979
4862 159986
4871 159986
4896 79993
4897 159986
4898 159986
4901 239978
4904 30
4905 8
fn=ptmalloc_init.part.0
1946 385
1949 381
1957 1
1958 1
1960 1
3143 2
fn=systrim.constprop.0
2957 18
2966 9
2968 3
2969 6
2974 9
2975 3
2978 15
2980 6
2987 9
2988 12
3000 9
3001 6
3003 3
3005 6
3009 6
3012 3
3013 12
3015 6
3020 18
fn=tcache_init.part.0
3242 4
3251 8
3252 3
3253 2
3261 4
3270 2
3274 3
fn=unlink_chunk.isra.0
1608 2
1610 5
1613 2
1614 2
1616 4
1619 1
1620 1
1621 5
1623 2
1624 3
1627 2
1641 1
1642 1
1645 2
fl=./malloc/./malloc/morecore.c
fn=__glibc_morecore
25 93
26 62
29 31
30 62
34 62
fl=./malloc/./malloc/scratch_buffer_set_array_size.c
fn=__libc_scratch_buffer_set_array_size
30 26
34 2
35 4
45 4
46 2
63 12
fl=./misc/../sysdeps/unix/syscall-template.S
fn=mprotect
117 20
122 4
fn=munmap
117 5
122 1
fl=./misc/../sysdeps/unix/sysv/linux/brk.c
fn=brk
36 25
37 50
38 50
44 25
45 25
fl=./misc/../sysdeps/unix/sysv/linux/brk_call.h
fn=brk
24 50
fl=./misc/../sysdeps/unix/sysv/linux/mmap64.c
fn=mmap
47 84
50 24
53 53
58 72
60 48
fl=./misc/../sysdeps/unix/sysv/linux/setvmaname.c
fn=__set_vma_name
33 11
35 7
40 7
47 1
49 6
fl=./misc/./misc/init-misc.c
fn=__init_misc
30 5
31 6
33 3
37 5
38 3
40 4
fl=./misc/./misc/sbrk.c
fn=sbrk
37 248
40 62
43 62
58 62
59 4
62 62
63 2
66 96
68 6
74 72
78 217
fl=./nptl/../sysdeps/unix/sysv/linux/x86/elision-conf.c
fn=__lll_elision_init
92 8
96 5
98 4
100 4
102 4
104 4
107 3
108 1
109 6
fl=./nptl/./nptl/alloca_cutoff.c
fn=__libc_alloca_cutoff
27 1
28 9
35 1
fl=./nptl/./nptl/libc-cleanup.c
fn=__libc_cleanup_pop_restore
54 90005
55 90005
57 180010
59 90005
60 270015
71 90005
fn=__libc_cleanup_push_defer
24 90005
25 90005
27 180010
29 180010
32 180010
46 270015
48 90005
49 90005
fl=./nptl/./nptl/pthread_mutex_conf.c
fn=__pthread_tunables_init
55 8
56 5
58 4
60 4
62 6
fl=./nptl/./nptl/pthread_mutex_lock.c
fn=pthread_mutex_lock@@GLIBC_2.2.5
44 1
45 7
46 1
77 5
80 3
82 1
84 2
88 2
97 2
108 4
112 1
115 2
124 1
130 3
131 2
179 1
182 1
184 1
187 1
190 3
fl=./nptl/./nptl/pthread_mutex_unlock.c
fn=pthread_mutex_unlock@@GLIBC_2.2.5
39 1
40 4
41 1
51 3
52 2
57 2
62 1
65 1
70 1
72 1
74 2
80 4
84 3
87 2
367 4
369 2
fl=./posix/../malloc/dynarray-skeleton.c
fn=__unregister_atfork
243 2
fl=./posix/../sysdeps/unix/sysv/linux/_exit.c
fn=_Exit
27 2
30 4
fl=./posix/./posix/register-atfork.c
fn=__unregister_atfork
71 4
82 12
83 8
109 8
110 6
fl=./resource/../sysdeps/unix/sysv/linux/getrlimit64.c
fn=getrlimit
38 2
39 7
40 1
fl=./setjmp/../sysdeps/x86_64/bsd-_setjmp.S
fn=_setjmp
28 1
30 1
32 1
fl=./setjmp/../sysdeps/x86_64/setjmp.S
fn=__sigsetjmp
31 4
33 4
42 4
43 8
44 4
48 4
49 4
50 4
51 4
52 4
54 8
56 4
57 4
58 4
60 8
62 4
67 1
68 1
70 3
73 3
74 3
81 3
82 3
85 1
fl=./setjmp/./setjmp/sigjmp.c
fn=__sigjmp_save
28 6
29 1
30 2
34 4
fl=./stdio-common/../include/../locale/localeinfo.h
fn=__printf_fp_l_buffer
331 3
fl=./stdio-common/../include/printf_buffer.h
fn=__printf_buffer
163 4
fn=__printf_buffer_to_file_init
124 4
127 2
128 2
137 4
fn=__printf_fp_buffer_1.isra.0
163 6
fl=./stdio-common/../include/rounding-mode.h
fn=__printf_fp_buffer_1.isra.0
52 2
fl=./stdio-common/../include/scratch_buffer.h
fn=__vfscanf_internal
77 270003
78 90001
85 360004
113 630007
fl=./stdio-common/../libio/libioP.h
fn=__printf_buffer_to_file_done
1025 6
1026 4
fl=./stdio-common/../string/bits/string_fortified.h
fn=__printf_buffer_write
29 18
fn=__vfscanf_internal
59 90001
fl=./stdio-common/../sysdeps/generic/get-rounding-mode.h
fn=__printf_fp_buffer_1.isra.0
94 1
95 7
fl=./stdio-common/../sysdeps/pthread/allocalim.h
fn=__printf_fp_buffer_1.isra.0
27 2
29 5
fl=./stdio-common/./stdio-common/Xprintf_buffer_done.c
fn=__printf_buffer_done
25 2
26 6
31 4
33 24
40 2
fl=./stdio-common/./stdio-common/Xprintf_buffer_write.c
fn=__printf_buffer_write
27 48
28 18
31 36
33 30
36 6
37 12
40 18
41 6
44 36
fl=./stdio-common/./stdio-common/_itoa.c
fn=_itoa_word
169 1
172 4
174 2
183 58
192 2
fl=./stdio-common/./stdio-common/isoc99_fscanf.c
fn=__isoc99_fscanf
25 1170013
29 540006
30 270003
34 450005
fl=./stdio-common/./stdio-common/printf-parse.h
fn=__printf_buffer
55 6
65 2
82 18
fn=__vfscanf_internal
55 540006
fl=./stdio-common/./stdio-common/printf_buffer_to_file.c
fn=__printf_buffer_to_file_done
51 8
53 8
58 6
59 12
65 4
66 2
117 16
118 6
121 4
122 10
fn=__printf_buffer_to_file_init
108 2
109 4
111 2
112 2
fn=__printf_buffer_to_file_switch
29 4
30 20
40 4
41 4
44 16
45 4
fl=./stdio-common/./stdio-common/printf_fp.c
fn=__printf_fp_buffer_1.isra.0
91 6
93 6
95 10
96 10
127 6
138 18
159 8
177 1
187 1
221 2
222 1
226 3
230 17
234 1
266 5
267 1
268 2
271 17
272 16
273 16
279 1
280 2
311 2
483 2
655 3
659 3
660 5
661 2
665 3
674 6
676 2
680 2
686 2
688 2
689 2
692 3
694 9
696 2
738 4
746 3
759 17
760 2
763 3
766 13
769 3
771 1
773 6
775 3
787 1
788 5
789 5
790 8
792 2
793 2
794 6
795 4
805 5
806 4
808 7
924 3
931 2
935 3
980 7
983 2
987 5
991 3
994 4
996 8
999 4
1001 3
1003 2
1006 2
1009 3
1022 4
1024 3
1028 3
1030 11
fn=__printf_fp_l_buffer
1099 19
1102 3
1111 1
1112 2
1115 5
1116 5
1117 3
1122 7
1126 1
1147 11
fn=hack_digit
88 10
91 6
93 6
95 8
96 10
127 2
128 10
fl=./stdio-common/./stdio-common/vfprintf-internal.c
fn=__printf_buffer
263 3
264 3
266 1
600 30
627 10
631 2
634 2
638 8
642 2
653 6
654 4
655 6
659 4
663 16
683 2
684 2
685 2
686 2
687 2
690 4
691 2
692 2
693 2
694 2
695 2
698 2
699 2
705 28
709 1
744 2
813 1
814 3
840 3
855 13
891 2
973 8
976 34
996 11
997 2
1001 1
1018 2
1024 2
1028 6
1029 4
1031 4
1044 22
fn=__vfprintf_internal
1522 26
1525 13
1529 10
1540 4
1543 8
1544 10
1545 6
1567 22
fl=./stdio-common/./stdio-common/vfprintf-process-arg.c
fn=__printf_buffer
35 1
48 2
49 1
50 2
52 2
53 8
57 2
58 2
67 1
136 3
138 2
155 15
161 9
166 6
170 2
186 5
187 9
195 5
197 3
199 4
201 7
206 2
208 4
211 2
224 2
233 2
236 2
240 5
fl=./stdio-common/./stdio-common/vfscanf-internal.c
fn=__vfscanf_internal
206 270003
214 180002
222 360004
223 180002
231 90001
260 1464118
263 1233099
278 1170013
282 90001
283 270003
284 90001
288 450005
289 180002
293 90001
313 90001
325 90001
326 90001
327 90001
328 90001
332 90001
339 450005
345 450004
348 360004
352 180002
359 180002
365 90001
367 360004
372 1800020
381 720008
419 180002
443 180002
444 180002
483 90001
489 450005
506 450005
530 90001
533 810009
660 180002
664 180002
665 810009
669 180002
670 900010
676 1620055
679 1080006
680 720008
681 720008
685 1350015
1441 180002
1442 180002
1450 630007
1455 270003
1464 630007
1466 48
1470 84
1472 96
1484 24
1494 24
1498 179978
1501 360004
1598 360004
1742 360004
1813 1542050
1815 822042
1820 2196123
1822 720008
1877 321020
1879 1284080
1881 2889336
1884 180002
1891 180002
1892 180002
1893 20162
1894 20162
1920 900010
1924 180002
1941 270003
1942 450005
1948 270003
1951 450005
1953 180002
1957 270003
1959 180002
1961 180002
1962 270003
1976 900010
1980 180002
3095 540006
3098 90001
3105 1170013
3109 180002
3126 180002
3132 1080012
fl=./stdlib/../stdlib/strtol.c
fn=__strtol_internal
107 90001
108 360004
fn=strtol
116 1
117 5
fl=./stdlib/../stdlib/strtol_l.c
fn=____strtol_l_internal
238 1170026
252 90002
257 90002
258 180004
264 180004
292 90002
295 360008
304 540012
306 180004
310 90002
311 180004
316 180004
320 180004
322 26
327 39
335 179978
342 180004
345 360008
393 90002
394 90002
395 90002
449 642066
451 1734142
453 963099
477 90002
478 90002
481 963099
484 1284132
489 501037
490 963099
495 180004
500 270006
501 90001
506 180004
507 180004
509 270006
524 90002
546 720016
fl=./stdlib/../sysdeps/ieee754/dbl-64/dbl2mpn.c
fn=__mpn_extract_double
33 3
35 1
37 3
38 5
47 3
56 3
103 2
107 2
fl=./stdlib/../sysdeps/x86_64/lshift.S
fn=__mpn_lshift
28 1
29 1
30 1
32 1
33 1
34 1
46 1
47 1
48 1
49 1
50 1
51 1
52 1
58 1
59 1
60 1
fl=./stdlib/../sysdeps/x86_64/mul_1.S
fn=__mpn_mul_1
31 4
32 4
35 4
36 4
37 4
38 4
39 4
41 4
42 4
44 4
45 4
46 4
47 4
48 4
50 4
51 4
52 4
53 4
122 4
124 4
127 4
fl=./stdlib/./stdlib/cxa_atexit.c
fn=__cxa_atexit
41 2
43 8
44 2
46 2
52 3
53 1
54 1
55 1
56 1
57 4
58 1
67 7
69 6
fn=__new_exitfn
80 5
81 1
86 2
91 10
93 4
101 1
122 1
123 1
134 1
136 1
137 1
141 5
fl=./stdlib/./stdlib/cxa_finalize.c
fn=__cxa_finalize
30 20
33 14
36 14
40 14
93 14
97 12
105 4
106 8
107 16
fl=./stdlib/./stdlib/cxa_thread_atexit_impl.c
fn=__call_tls_dtors
148 5
149 4
165 4
fl=./stdlib/./stdlib/exit.c
fn=__run_exit_handlers
38 12
40 2
41 2
43 5
54 2
56 2
60 1
64 6
66 2
67 1
69 7
94 2
101 1
102 1
103 1
104 3
107 4
108 3
109 4
113 3
119 3
120 2
126 4
128 2
129 2
131 2
fn=exit
137 3
138 4
fl=./string/../include/rtld-malloc.h
fn=strdup
56 6
fl=./string/../string/strcspn.c
fn=strcspn
32 6
33 3
34 2
39 6
40 4
41 4
42 4
44 1
47 9
48 6
51 4
52 4
53 4
54 4
56 3
61 13
62 26
63 26
64 26
65 13
67 78
69 1
70 4
71 3
fl=./string/../string/strstr.c
fn=__GI_strstr
77 12
82 3
84 5
85 2
86 2
161 12
fl=./string/../sysdeps/x86/cacheinfo.c
fn=__x86_cacheinfo
86 1
fl=./string/../sysdeps/x86/cacheinfo.h
fn=__x86_cacheinfo
59 1
62 3
64 3
65 1
71 3
73 3
74 1
78 2
80 2
81 2
82 2
84 2
86 2
fl=./string/../sysdeps/x86_64/multiarch/../multiarch/memcmp-sse2.S
fn=bcmp
59 1
71 1
72 1
94 1
95 1
140 1
141 1
143 1
144 1
146 1
147 1
149 1
150 1
197 1
198 1
199 1
200 1
201 1
202 1
fl=./string/../sysdeps/x86_64/multiarch/../multiarch/memset-vec-unaligned-erms.S
fn=memset
132 7
133 35
138 7
139 7
142 2
143 2
244 2
245 2
257 2
260 2
261 2
273 2
274 2
287 2
288 2
290 2
293 1
296 2
299 35
300 35
301 35
302 35
303 35
304 35
305 35
308 2
309 2
310 2
311 2
316 2
350 5
352 5
353 5
392 5
393 5
395 5
fl=./string/../sysdeps/x86_64/multiarch/../multiarch/strchr-sse2.S
fn=index
32 15
33 15
34 15
35 15
36 15
37 15
38 15
39 15
40 15
41 15
42 15
43 15
44 15
45 15
46 15
47 15
48 15
49 15
50 13
54 13
55 13
56 13
57 13
59 13
63 2
64 2
65 2
66 2
67 2
68 2
69 2
70 2
71 2
72 2
73 2
74 2
75 2
76 2
77 2
78 2
79 2
80 2
81 2
82 2
83 2
84 2
85 2
86 2
138 2
142 2
143 2
144 2
145 2
147 2
fl=./string/../sysdeps/x86_64/multiarch/../multiarch/strcmp-sse2.S
fn=strcmp
98 203
131 203
132 203
134 203
135 203
156 203
157 203
158 173
159 173
160 160
161 160
162 160
163 160
180 160
181 160
182 160
183 160
184 160
185 160
186 160
191 11
192 33
201 54
202 54
203 54
204 54
205 54
206 54
207 54
208 54
209 51
210 28
211 28
212 28
214 51
215 51
216 51
217 51
218 51
219 51
229 3
230 3
231 3
233 3
239 3
240 3
241 3
242 3
243 3
248 3
250 1
251 1
252 2
260 1
261 1
264 1
265 1
266 1
267 1
268 1
269 1
300 6
301 6
302 6
303 6
304 6
306 6
307 6
308 6
309 6
310 6
311 6
312 6
313 6
316 6
317 6
318 6
324 6
325 6
326 12
330 6
331 6
334 6
335 6
336 6
338 6
339 6
340 6
344 6
345 6
346 6
347 6
348 6
349 6
661 1
662 1
663 1
664 1
665 1
667 1
668 1
669 1
670 1
671 1
672 1
673 1
780 1
781 1
782 1
783 1
784 1
786 1
787 1
788 1
789 1
790 1
791 1
792 1
899 5
900 5
901 5
902 5
903 5
905 5
906 5
907 5
908 5
909 5
910 5
911 5
912 4
916 4
917 4
918 4
924 4
925 4
926 8
930 4
931 4
934 4
935 4
936 4
938 4
939 4
940 4
944 4
945 4
946 4
947 4
948 4
949 4
956 1
957 1
959 1
960 1
962 1
963 1
964 1
966 1
967 1
968 1
972 1
973 1
974 1
975 1
976 1
977 1
1018 2
1019 2
1020 2
1021 2
1022 2
1024 2
1025 2
1026 2
1027 2
1028 2
1029 2
1030 2
1031 2
1035 2
1036 2
1037 2
1043 2
1044 2
1045 4
1049 2
1050 2
1053 2
1054 2
1055 2
1057 2
1058 2
1059 2
1063 2
1064 2
1065 2
1066 2
1067 2
1068 2
1137 3
1138 3
1139 3
1140 3
1141 3
1143 3
1144 3
1145 3
1146 3
1147 3
1148 3
1149 3
1256 4
1257 4
1258 4
1259 4
1260 4
1262 4
1263 4
1264 4
1265 4
1266 4
1267 4
1268 4
1494 5
1495 5
1496 5
1497 5
1498 5
1500 5
1501 5
1502 5
1503 5
1504 5
1505 5
1506 5
1507 3
1511 3
1512 3
1513 3
1519 3
1520 3
1521 6
1525 3
1526 3
1529 3
1530 3
1531 3
1533 3
1534 3
1535 3
1539 3
1540 3
1541 3
1542 3
1543 3
1544 3
1613 5
1614 5
1615 5
1616 5
1617 5
1619 5
1620 5
1621 5
1622 5
1623 5
1624 5
1625 5
1626 3
1630 3
1631 3
1632 3
1638 3
1639 3
1640 6
1644 3
1645 3
1648 3
1649 3
1650 3
1652 3
1653 3
1654 3
1658 3
1659 3
1660 3
1661 3
1662 3
1663 3
1670 1
1671 1
1673 1
1674 1
1676 1
1677 1
1678 1
1680 1
1681 1
1682 1
1686 1
1687 1
1688 1
1689 1
1690 1
1691 1
1732 10
1733 10
1734 10
1735 10
1736 10
1738 10
1739 10
1740 10
1741 10
1742 10
1743 10
1744 10
1745 5
1749 5
1750 5
1751 5
1757 5
1758 5
1759 10
1763 5
1764 5
1767 5
1768 5
1769 5
1771 5
1772 5
1773 5
1777 5
1778 5
1779 5
1780 5
1781 5
1782 5
1789 1
1790 1
1792 1
1793 1
1795 1
1796 1
1797 1
1799 1
1800 1
1801 1
1805 1
1806 1
1807 1
1808 1
1809 1
1810 1
1851 8
1852 8
1853 8
1854 8
1855 8
1857 8
1858 8
1859 8
1860 8
1861 8
1862 8
1863 8
1864 6
1868 6
1869 6
1870 6
1876 6
1877 6
1878 12
1882 6
1883 6
1886 6
1887 6
1888 6
1890 6
1891 6
1892 6
1896 6
1897 6
1898 6
1899 6
1900 6
1901 6
1970 1
1971 1
1972 1
1973 1
1974 1
1976 1
1977 1
1978 1
1979 1
1980 1
1981 1
1982 1
2093 30
2095 54
2096 54
2097 54
2098 54
2099 56
2104 203
2110 203
2111 203
2119 203
2120 203
fn=strncmp
98 1
125 1
126 1
127 1
128 1
129 1
131 1
132 1
134 1
135 1
156 1
157 1
158 1
159 1
160 1
161 1
162 1
163 1
180 1
181 1
182 1
183 1
184 1
185 1
186 1
2104 1
2107 1
2108 1
2110 1
2111 1
2119 1
2120 1
fl=./string/../sysdeps/x86_64/multiarch/../multiarch/strlen-sse2.S
fn=strlen
57 15
101 15
102 15
103 15
104 15
105 15
106 15
107 15
109 15
111 15
142 15
143 15
144 15
145 15
146 15
147 9
149 9
153 6
154 6
155 6
156 6
157 6
158 6
159 6
160 6
161 6
162 6
163 6
164 6
169 48
fl=./string/../sysdeps/x86_64/multiarch/ifunc-avx2.h
fn=memrchr
38 4
40 3
41 2
42 3
45 2
46 2
49 3
52 6
fn=rindex
38 4
40 3
41 2
42 3
45 2
46 2
49 3
52 6
fn=strchrnul
38 4
40 3
41 2
42 3
45 2
46 2
49 3
52 6
fn=strlen
38 8
40 6
41 4
42 6
45 4
46 4
49 6
52 12
fn=strnlen
38 8
40 6
41 4
42 6
45 4
46 4
49 6
52 12
fl=./string/../sysdeps/x86_64/multiarch/ifunc-evex.h
fn=memchr
37 4
38 3
39 3
42 2
43 2
45 2
51 3
54 4
fl=./string/../sysdeps/x86_64/multiarch/ifunc-memcmp.h
fn=bcmp
34 5
35 2
36 2
37 3
40 2
41 2
44 3
47 4
fl=./string/../sysdeps/x86_64/multiarch/ifunc-memmove.h
fn=memcpy@@GLIBC_2.14
56 2
57 3
60 3
61 2
74 2
77 2
85 2
93 2
96 5
fn=memmove
56 2
57 3
60 3
61 2
74 2
77 2
85 2
93 2
96 5
fn=mempcpy
56 2
57 3
60 3
61 2
74 2
77 2
85 2
93 2
96 5
fl=./string/../sysdeps/x86_64/multiarch/ifunc-memset.h
fn=memset
54 10
57 6
58 4
64 4
73 4
75 4
85 4
93 4
96 10
fl=./string/../sysdeps/x86_64/multiarch/ifunc-sse4_2.h
fn=strcspn
36 5
fn=strpbrk
36 5
fn=strspn
36 5
fl=./string/../sysdeps/x86_64/multiarch/ifunc-strcasecmp.h
fn=strcasecmp
36 4
37 2
38 3
41 2
42 2
45 3
48 5
fn=strcasecmp_l
36 4
37 2
38 3
41 2
42 2
45 3
48 5
fn=strncasecmp
36 4
37 2
38 3
41 2
42 2
45 3
48 5
fn=strncasecmp_l
36 4
37 2
38 3
41 2
42 2
45 3
48 5
fl=./string/../sysdeps/x86_64/multiarch/ifunc-strcpy.h
fn=stpcpy
38 4
39 3
42 2
43 2
46 3
49 3
fn=strcat
38 4
39 3
42 2
43 2
46 3
49 3
fn=strcpy
38 4
39 3
42 2
43 2
46 3
49 3
fl=./string/../sysdeps/x86_64/multiarch/ifunc-strncpy.h
fn=stpncpy
35 5
36 3
39 2
40 2
43 3
46 4
fn=strncpy
35 5
36 3
39 2
40 2
43 3
46 4
fl=./string/../sysdeps/x86_64/multiarch/memchr.c
fn=memchr
29 2
fl=./string/../sysdeps/x86_64/multiarch/memcmp.c
fn=bcmp
29 4
fl=./string/../sysdeps/x86_64/multiarch/memcmpeq.c
fn=memcpy@@GLIBC_2.14
29 1
fl=./string/../sysdeps/x86_64/multiarch/memmove-vec-unaligned-erms.S
fn=__memcpy_avx_unaligned_erms
255 6
256 6
262 7
263 7
305 7
306 7
308 7
309 7
311 4
315 4
316 2
317 2
318 2
319 2
323 2
325 2
331 2
332 2
333 2
334 2
335 2
364 3
365 3
366 3
367 3
368 3
fn=__mempcpy_avx_unaligned_erms
242 1
243 1
244 1
245 1
fn=memcpy
210 17
211 17
217 30
218 30
220 15
221 15
222 15
224 11
225 11
226 11
228 11
308 15
309 15
311 2
315 2
316 2
317 2
318 1
319 1
323 1
325 2
364 13
365 13
366 13
367 13
368 13
375 4
376 4
377 4
378 4
379 4
380 4
381 4
392 4
393 4
395 4
396 4
397 4
fn=mempcpy
197 13
198 13
199 13
200 13
fl=./string/../sysdeps/x86_64/multiarch/memmove.c
fn=memmove
29 1
fl=./string/../sysdeps/x86_64/multiarch/mempcpy.c
fn=mempcpy
33 1
fl=./string/../sysdeps/x86_64/multiarch/memrchr.c
fn=memrchr
29 3
fl=./string/../sysdeps/x86_64/multiarch/memset-vec-unaligned-erms.S
fn=__memset_avx2_unaligned_erms
158 2
159 4
164 2
165 2
166 2
167 2
168 2
237 2
238 2
325 2
326 2
327 2
328 120010
329 2
330 4
fl=./string/../sysdeps/x86_64/multiarch/memset.c
fn=memset
29 2
fl=./string/../sysdeps/x86_64/multiarch/stpcpy.c
fn=stpcpy
33 3
fl=./string/../sysdeps/x86_64/multiarch/stpncpy.c
fn=stpncpy
31 3
fl=./string/../sysdeps/x86_64/multiarch/strcasecmp.c
fn=strcasecmp
31 3
fl=./string/../sysdeps/x86_64/multiarch/strcasecmp_l.c
fn=strcasecmp_l
31 3
fl=./string/../sysdeps/x86_64/multiarch/strcat.c
fn=strcat
29 3
fl=./string/../sysdeps/x86_64/multiarch/strchr-avx2.S
fn=__strchr_avx2
53 1
55 1
56 1
57 1
58 1
59 1
62 1
63 1
67 1
68 1
69 1
70 1
71 1
72 1
73 1
74 1
77 1
85 1
93 1
94 2
fn=__strchrnul_avx2
53 4
55 4
56 4
57 4
58 4
59 4
62 4
63 4
67 4
68 4
69 4
70 4
71 4
72 4
73 4
74 4
87 4
89 8
fl=./string/../sysdeps/x86_64/multiarch/strchr.c
fn=index
42 4
43 2
44 3
47 2
48 2
51 3
54 3
65 3
fl=./string/../sysdeps/x86_64/multiarch/strchrnul.c
fn=strchrnul
31 3
fl=./string/../sysdeps/x86_64/multiarch/strcmp-avx2.S
fn=__strcmp_avx2
206 1
249 1
274 1
275 1
276 1
278 1
279 1
283 1
287 1
289 1
291 1
294 1
303 1
304 1
308 1
318 1
319 1
322 1
326 2
953 1
954 1
fn=__strncmp_avx2
206 9
230 9
235 9
249 9
274 9
275 9
276 9
278 9
279 9
283 9
287 9
289 9
291 9
294 9
296 9
297 9
308 6
318 6
319 6
322 6
326 12
331 9
332 9
333 9
337 3
338 6
fl=./string/../sysdeps/x86_64/multiarch/strcmp.c
fn=strcmp
47 8
48 4
49 6
52 4
53 4
56 6
59 6
79 6
fl=./string/../sysdeps/x86_64/multiarch/strcpy.c
fn=strcpy
29 3
fl=./string/../sysdeps/x86_64/multiarch/strcspn.c
fn=strcspn
29 2
fl=./string/../sysdeps/x86_64/multiarch/strlen-avx2.S
fn=__strlen_avx2
52 5
65 5
66 5
67 5
70 5
72 5
73 5
76 5
77 5
85 5
86 5
87 5
92 10
fl=./string/../sysdeps/x86_64/multiarch/strlen.c
fn=strlen
29 6
fl=./string/../sysdeps/x86_64/multiarch/strncase.c
fn=strncasecmp
31 3
fl=./string/../sysdeps/x86_64/multiarch/strncase_l.c
fn=strncasecmp_l
31 3
fl=./string/../sysdeps/x86_64/multiarch/strncmp.c
fn=strncmp
43 8
44 4
45 6
48 4
49 4
52 6
55 10
67 6
fl=./string/../sysdeps/x86_64/multiarch/strncpy.c
fn=strncpy
29 3
fl=./string/../sysdeps/x86_64/multiarch/strnlen.c
fn=strnlen
31 6
fl=./string/../sysdeps/x86_64/multiarch/strpbrk.c
fn=strpbrk
29 2
fl=./string/../sysdeps/x86_64/multiarch/strrchr-avx2.S
fn=__strrchr_avx2
53 1
54 1
55 1
57 1
58 1
62 1
63 1
64 1
67 1
69 1
70 1
71 1
72 1
75 1
76 1
78 1
79 1
80 1
81 1
82 1
91 2
fl=./string/../sysdeps/x86_64/multiarch/strrchr.c
fn=rindex
28 3
fl=./string/../sysdeps/x86_64/multiarch/strspn.c
fn=strspn
29 2
fl=./string/./string/strdup.c
fn=strdup
40 18
41 6
44 6
47 12
48 9
fl=./time/../sysdeps/unix/sysv/linux/clock_gettime.c
fn=clock_gettime@@GLIBC_2.17
30 2
38 4
40 4
44 4
68 4
69 4
fl=./wcsmbs/../sysdeps/x86_64/multiarch/ifunc-avx2.h
fn=wcschr
38 8
40 6
41 4
42 6
45 4
46 4
49 6
52 12
fn=wcscmp
38 4
40 3
41 2
42 3
45 2
46 2
49 3
52 6
fl=./wcsmbs/../sysdeps/x86_64/multiarch/ifunc-evex.h
fn=wmemchr
37 8
38 6
39 6
42 4
43 4
45 4
51 6
54 8
fl=./wcsmbs/../sysdeps/x86_64/multiarch/ifunc-memcmp.h
fn=wmemcmp
34 5
35 2
36 2
37 3
40 2
41 2
44 3
47 4
fl=./wcsmbs/../sysdeps/x86_64/multiarch/ifunc-wcs.h
fn=wcpncpy
39 4
40 3
41 3
44 2
45 3
48 4
fn=wcscat
39 4
40 3
41 3
44 2
45 3
48 4
fn=wcsncpy
39 4
40 3
41 3
44 2
45 3
48 4
fl=./wcsmbs/../sysdeps/x86_64/multiarch/ifunc-wcslen.h
fn=wcslen
40 4
41 2
42 3
45 2
46 2
49 3
52 3
fn=wcsnlen
40 4
41 2
42 3
45 2
46 2
49 3
52 3
fl=./wcsmbs/../sysdeps/x86_64/multiarch/ifunc-wmemset.h
fn=wmemset
36 10
37 6
fl=./wcsmbs/../sysdeps/x86_64/multiarch/wcpcpy.c
fn=wcpncpy
31 1
fl=./wcsmbs/../sysdeps/x86_64/multiarch/wcpncpy.c
fn=wcpncpy
31 1
fl=./wcsmbs/../sysdeps/x86_64/multiarch/wcscat.c
fn=wcscat
31 2
fn=wcschr
31 2
fl=./wcsmbs/../sysdeps/x86_64/multiarch/wcschr.c
fn=wcschr
31 4
fl=./wcsmbs/../sysdeps/x86_64/multiarch/wcscmp.c
fn=wcscmp
30 3
fl=./wcsmbs/../sysdeps/x86_64/multiarch/wcscpy.c
fn=wcscpy
42 4
43 2
44 3
46 2
47 3
50 3
60 2
fl=./wcsmbs/../sysdeps/x86_64/multiarch/wcslen.c
fn=wcslen
29 3
fl=./wcsmbs/../sysdeps/x86_64/multiarch/wcsncpy.c
fn=wcsncpy
31 2
fl=./wcsmbs/../sysdeps/x86_64/multiarch/wcsnlen.c
fn=wcsnlen
30 3
fl=./wcsmbs/../sysdeps/x86_64/multiarch/wmemchr.c
fn=wmemchr
31 4
fl=./wcsmbs/../sysdeps/x86_64/multiarch/wmemcmp.c
fn=wmemcmp
29 4
fl=./wcsmbs/../sysdeps/x86_64/multiarch/wmemset.c
fn=wmemset
31 4
fl=???
fn=(below main)
0 12
fn=???
0 500253
fn=bfs_pointer
0 789398
fn=free_graph
0 480019
fn=get_arg_value
0 180
fn=load_graph
0 2320059
fn=main
0 50
fn=run_benchmark
0 99
summary: 97980520
